Feasible
Restart 8, Repetition 11044 


Total cost: 295.5878180807333

Number of Routes: 2
Priority 1: 0.8

Priority 2: 0.92



Route 0
Location Option Customer

0 - -

51 99 49

51 37 28

51 21 20

51 7 7

51 8 8

51 2 2

51 9 9

51 4 4

51 31 25

51 5 5

51 3 3

17 32 26

1 10 10

18 34 27

52 65 38

52 50 33

52 60 36

52 56 35

52 44 31

52 62 37

52 6 6

48 95 48

37 79 43

44 89 46

5 14 14

0 - -

Route 1
Location Option Customer

0 - -

36 77 42

52 1 1

52 47 32

52 41 30

52 0 0

52 54 34

12 22 21

30 67 39

15 28 24

40 83 44

46 92 47

10 19 19

9 18 18

2 11 11

13 24 22

4 13 13

3 12 12

8 17 17

42 86 45

20 38 29

6 15 15

7 16 16

14 26 23

33 73 41

31 70 40

0 - -

