Feasible
Restart 12, Repetition 14967 


Total cost: 1495.917466445384

Number of Routes: 20
Priority 1: 0.8

Priority 2: 0.94



Route 0
Location Option Customer

0 - -

65 128 104

234 264 154

211 87 83

211 354 184

85 172 124

212 327 175

24 63 63

8 47 47

59 116 98

30 69 69

0 - -

Route 1
Location Option Customer

0 - -

49 96 88

227 14 14

227 360 186

1 40 40

9 48 48

52 102 91

12 51 51

204 372 190

204 16 16

11 50 50

18 57 57

0 - -

Route 2
Location Option Customer

0 - -

240 168 122

240 222 140

64 126 103

232 339 179

232 17 17

228 22 22

228 32 32

232 93 86

232 0 0

228 2 2

150 323 174

0 - -

Route 3
Location Option Customer

0 - -

137 304 168

70 138 109

202 261 153

202 31 31

202 153 116

202 213 137

202 279 159

228 6 6

177 364 188

39 78 78

0 - -

Route 4
Location Option Customer

0 - -

140 308 169

102 223 141

136 302 167

68 134 107

72 142 111

60 118 99

206 239 146

206 192 130

206 195 131

206 200 133

0 - -

Route 5
Location Option Customer

0 - -

195 391 197

235 39 39

235 157 118

235 165 121

230 85 82

230 10 10

230 37 37

201 5 5

201 363 187

201 291 163

0 - -

Route 6
Location Option Customer

0 - -

179 367 189

112 253 151

233 4 4

233 123 101

29 68 68

23 62 62

233 381 193

233 234 144

26 65 65

0 - -

Route 7
Location Option Customer

0 - -

56 110 95

217 20 20

217 105 92

217 378 192

217 270 156

217 38 38

231 107 93

231 9 9

231 34 34

76 150 115

212 23 23

0 - -

Route 8
Location Option Customer

0 - -

232 159 119

153 328 176

210 237 145

210 27 27

67 132 106

238 24 24

238 81 80

238 345 181

238 91 85

238 275 158

0 - -

Route 9
Location Option Customer

0 - -

14 53 53

183 373 191

13 52 52

143 313 171

48 94 87

134 299 166

33 72 72

208 206 135

208 294 164

0 - -

Route 10
Location Option Customer

0 - -

31 70 70

37 76 76

35 74 74

121 280 160

3 42 42

10 49 49

2 41 41

158 335 178

198 395 198

0 - -

Route 11
Location Option Customer

0 - -

201 7 7

215 246 148

215 18 18

226 8 8

226 30 30

25 64 64

15 54 54

239 26 26

239 21 21

239 13 13

0 - -

Route 12
Location Option Customer

0 - -

4 43 43

124 284 161

27 66 66

193 388 196

28 67 67

229 149 114

229 348 182

229 351 183

7 46 46

51 100 90

0 - -

Route 13
Location Option Customer

0 - -

22 61 61

189 382 194

19 58 58

40 79 79

223 137 108

209 33 33

209 267 155

209 342 180

209 197 132

209 218 139

34 73 73

0 - -

Route 14
Location Option Customer

0 - -

237 141 110

237 188 129

142 311 170

73 144 112

218 131 105

218 251 150

218 249 149

218 125 102

42 82 81

113 256 152

126 287 162

0 - -

Route 15
Location Option Customer

0 - -

207 204 134

207 161 120

6 45 45

5 44 44

21 60 60

213 115 97

213 210 136

224 227 142

36 75 75

0 - -

Route 16
Location Option Customer

0 - -

132 296 165

214 1 1

216 176 125

216 216 138

221 28 28

221 11 11

221 318 172

89 184 128

118 271 157

228 242 147

0 - -

Route 17
Location Option Customer

0 - -

156 332 177

171 355 185

61 120 100

222 25 25

222 19 19

222 3 3

205 29 29

205 12 12

78 154 117

0 - -

Route 18
Location Option Customer

0 - -

50 98 89

203 171 123

203 109 94

17 56 56

87 178 126

191 385 195

220 89 84

220 15 15

148 320 173

200 398 199

0 - -

Route 19
Location Option Customer

0 - -

74 146 113

16 55 55

32 71 71

57 112 96

38 77 77

20 59 59

225 230 143

225 35 35

225 36 36

224 183 127

0 - -

