Feasible
Restart 8, Repetition 14999 


Total cost: 1127.67118003048

Number of Routes: 20
Priority 1: 0.8

Priority 2: 0.91



Route 0
Location Option Customer

0 - -

202 15 15

180 368 189

63 124 102

203 363 187

203 19 19

64 126 103

238 171 123

238 33 33

238 87 83

238 381 193

35 74 74

0 - -

Route 1
Location Option Customer

0 - -

206 109 94

209 34 34

209 30 30

209 366 188

14 53 53

90 187 129

41 80 80

15 54 54

53 104 92

0 - -

Route 2
Location Option Customer

0 - -

85 172 124

154 329 176

141 310 170

4 43 43

25 64 64

36 75 75

136 302 167

226 27 27

226 239 146

226 137 108

0 - -

Route 3
Location Option Customer

0 - -

221 339 179

214 10 10

214 37 37

214 275 158

214 218 139

214 23 23

221 399 199

221 200 133

19 58 58

0 - -

Route 4
Location Option Customer

0 - -

216 85 82

216 5 5

7 46 46

118 271 157

216 20 20

216 194 131

216 8 8

213 12 12

213 267 155

0 - -

Route 5
Location Option Customer

0 - -

60 118 99

195 391 197

232 227 142

232 0 0

232 133 106

232 111 95

218 24 24

218 336 178

218 121 100

218 372 190

79 156 118

0 - -

Route 6
Location Option Customer

0 - -

220 234 144

31 70 70

235 257 152

235 396 198

235 7 7

235 9 9

8 47 47

24 63 63

115 262 154

3 42 42

0 - -

Route 7
Location Option Customer

0 - -

213 25 25

207 348 182

21 60 60

45 88 84

23 62 62

236 297 165

236 269 156

236 149 114

236 99 89

0 - -

Route 8
Location Option Customer

0 - -

231 306 168

223 198 132

18 57 57

16 55 55

26 65 65

225 131 105

225 141 110

225 28 28

225 167 122

225 333 177

212 31 31

0 - -

Route 9
Location Option Customer

0 - -

17 56 56

184 374 191

81 160 120

125 286 162

211 29 29

211 225 141

211 35 35

211 279 159

211 135 107

0 - -

Route 10
Location Option Customer

0 - -

80 158 119

208 177 125

208 342 180

208 11 11

76 150 115

233 97 88

233 216 138

233 222 140

233 38 38

234 39 39

234 252 150

0 - -

Route 11
Location Option Customer

0 - -

46 90 85

228 230 143

201 2 2

201 26 26

237 93 86

237 17 17

1 40 40

186 377 192

65 128 104

2 41 41

0 - -

Route 12
Location Option Customer

0 - -

33 72 72

224 107 93

224 192 130

224 384 194

224 206 135

224 3 3

11 50 50

212 83 81

212 285 161

114 259 153

9 48 48

0 - -

Route 13
Location Option Customer

0 - -

173 358 186

217 139 109

217 6 6

217 180 126

140 308 169

127 289 163

205 14 14

205 210 136

205 390 196

205 387 195

0 - -

Route 14
Location Option Customer

0 - -

28 67 67

227 237 145

22 61 61

219 36 36

34 73 73

229 123 101

229 145 112

229 255 151

38 77 77

37 76 76

0 - -

Route 15
Location Option Customer

0 - -

231 183 127

168 350 183

27 66 66

72 142 111

239 4 4

239 321 173

239 16 16

133 298 166

130 293 164

6 45 45

150 323 174

0 - -

Route 16
Location Option Customer

0 - -

32 71 71

20 59 59

164 344 181

215 32 32

215 242 147

215 357 185

40 79 79

74 146 113

204 113 96

51 100 90

0 - -

Route 17
Location Option Customer

0 - -

234 246 148

77 152 116

206 22 22

206 103 91

206 1 1

144 314 171

13 52 52

39 78 78

152 326 175

0 - -

Route 18
Location Option Customer

0 - -

30 69 69

58 114 97

29 68 68

12 51 51

227 249 149

227 185 128

78 154 117

204 117 98

204 354 184

202 13 13

0 - -

Route 19
Location Option Customer

0 - -

122 281 160

5 44 44

240 204 134

240 18 18

240 212 137

240 21 21

240 165 121

48 94 87

10 49 49

145 316 172

0 - -

