Feasible
Restart 8, Repetition 12247 


Total cost: 1170.951548504918

Number of Routes: 20
Priority 1: 0.8

Priority 2: 0.92



Route 0
Location Option Customer

0 - -

27 66 66

228 393 197

228 207 135

228 37 37

39 78 78

197 394 198

209 306 168

209 26 26

209 133 106

45 88 84

0 - -

Route 1
Location Option Customer

0 - -

227 179 126

227 91 85

227 363 187

217 273 157

217 366 188

217 31 31

238 32 32

238 194 131

238 131 105

0 - -

Route 2
Location Option Customer

0 - -

15 54 54

71 140 110

233 3 3

233 198 132

233 321 173

185 376 192

2 41 41

97 208 136

204 151 115

204 39 39

0 - -

Route 3
Location Option Customer

0 - -

89 184 128

101 220 140

234 145 112

234 21 21

232 113 96

232 83 81

232 85 82

29 68 68

6 45 45

0 - -

Route 4
Location Option Customer

0 - -

127 289 163

34 73 73

237 153 116

237 107 93

237 218 139

202 101 90

202 162 120

202 20 20

211 13 13

7 46 46

168 350 183

0 - -

Route 5
Location Option Customer

0 - -

10 49 49

11 50 50

215 0 0

215 93 86

140 308 169

212 29 29

212 327 175

212 5 5

240 24 24

104 229 143

33 72 72

0 - -

Route 6
Location Option Customer

0 - -

192 386 195

24 63 63

74 146 113

214 6 6

214 303 167

41 80 80

210 384 194

210 25 25

158 335 178

0 - -

Route 7
Location Option Customer

0 - -

8 47 47

235 168 122

235 258 152

235 225 141

235 333 177

203 117 98

203 19 19

203 171 123

161 340 180

0 - -

Route 8
Location Option Customer

0 - -

3 42 42

226 12 12

226 348 182

226 121 100

37 76 76

17 56 56

68 134 107

19 58 58

79 156 118

239 1 1

0 - -

Route 9
Location Option Customer

0 - -

132 296 165

183 373 191

216 176 125

216 10 10

216 234 144

106 235 145

125 286 162

30 69 69

229 282 160

40 79 79

0 - -

Route 10
Location Option Customer

0 - -

213 38 38

213 2 2

44 86 83

218 345 181

60 118 99

26 65 65

150 323 174

228 279 159

228 109 94

239 27 27

0 - -

Route 11
Location Option Customer

0 - -

142 311 170

159 337 179

9 48 48

236 143 111

236 127 103

78 154 117

58 114 97

215 11 11

215 4 4

215 390 196

0 - -

Route 12
Location Option Customer

0 - -

56 110 95

22 61 61

220 245 148

220 18 18

32 71 71

206 174 124

206 33 33

206 260 153

12 51 51

18 57 57

52 102 91

69 136 108

0 - -

Route 13
Location Option Customer

0 - -

145 316 172

16 55 55

207 399 199

207 99 89

207 354 184

1 40 40

205 22 22

205 139 109

225 369 189

225 30 30

0 - -

Route 14
Location Option Customer

0 - -

143 313 171

129 292 164

14 53 53

21 60 60

115 262 154

233 14 14

222 270 156

222 228 142

222 123 101

229 182 127

0 - -

Route 15
Location Option Customer

0 - -

75 148 114

65 128 104

209 243 147

209 28 28

219 251 150

38 77 77

20 59 59

91 190 130

173 358 186

116 265 155

239 7 7

0 - -

Route 16
Location Option Customer

0 - -

230 9 9

230 248 149

230 8 8

224 95 87

224 381 193

171 355 185

213 203 134

213 17 17

28 67 67

0 - -

Route 17
Location Option Customer

0 - -

107 238 146

119 274 158

181 370 190

5 44 44

31 70 70

53 104 92

234 212 137

234 188 129

133 298 166

0 - -

Route 18
Location Option Customer

0 - -

153 328 176

82 163 121

23 62 62

36 75 75

13 52 52

231 215 138

231 16 16

231 15 15

231 255 151

231 285 161

0 - -

Route 19
Location Option Customer

0 - -

4 43 43

80 158 119

223 34 34

208 125 102

208 36 36

208 201 133

208 23 23

25 64 64

35 74 74

218 35 35

218 97 88

0 - -

