Feasible
Restart 3, Repetition 14729 


Total cost: 1031.5834071706142

Number of Routes: 21
Priority 1: 0.8

Priority 2: 0.93



Route 0
Location Option Customer

0 - -

28 67 67

226 225 141

226 278 159

234 21 21

234 26 26

234 125 102

234 137 108

234 39 39

93 196 132

114 259 153

110 247 149

0 - -

Route 1
Location Option Customer

0 - -

48 94 87

15 54 54

58 114 97

14 53 53

11 50 50

37 76 76

139 307 169

217 267 155

217 29 29

0 - -

Route 2
Location Option Customer

0 - -

231 123 101

231 215 138

231 387 195

231 348 182

231 135 107

8 47 47

185 376 192

195 391 197

64 126 103

0 - -

Route 3
Location Option Customer

0 - -

161 340 180

149 322 174

1 40 40

32 71 71

41 80 80

36 75 75

39 78 78

26 65 65

115 262 154

113 256 152

0 - -

Route 4
Location Option Customer

0 - -

218 168 122

232 291 163

135 301 167

16 55 55

19 58 58

183 373 191

70 138 109

134 299 166

237 275 158

237 363 187

0 - -

Route 5
Location Option Customer

0 - -

214 306 168

214 145 112

194 389 196

214 384 194

207 1 1

207 107 93

207 315 171

207 30 30

0 - -

Route 6
Location Option Customer

0 - -

213 101 90

213 288 162

222 20 20

222 12 12

222 330 176

213 13 13

211 153 116

211 170 123

211 105 92

25 64 64

0 - -

Route 7
Location Option Customer

0 - -

214 19 19

212 204 134

240 177 125

240 33 33

240 17 17

240 0 0

240 155 117

220 10 10

220 357 185

0 - -

Route 8
Location Option Customer

0 - -

2 41 41

7 46 46

208 255 151

208 270 156

208 273 157

208 18 18

208 5 5

132 296 165

5 44 44

168 350 183

0 - -

Route 9
Location Option Customer

0 - -

87 178 126

31 70 70

239 85 82

239 192 130

239 336 178

239 31 31

239 87 83

221 131 105

221 233 144

12 51 51

57 112 96

0 - -

Route 10
Location Option Customer

0 - -

3 42 42

130 293 164

23 62 62

79 156 118

209 8 8

236 339 179

236 4 4

236 34 34

236 345 181

236 161 120

0 - -

Route 11
Location Option Customer

0 - -

227 103 91

227 354 184

227 22 22

223 227 142

223 15 15

219 151 115

219 321 173

219 91 85

90 187 129

0 - -

Route 12
Location Option Customer

0 - -

206 7 7

180 368 189

188 380 193

27 66 66

33 72 72

215 16 16

215 219 139

215 210 136

215 206 135

6 45 45

0 - -

Route 13
Location Option Customer

0 - -

212 35 35

212 399 199

212 25 25

17 56 56

203 129 104

203 312 170

203 242 147

203 109 94

203 195 131

0 - -

Route 14
Location Option Customer

0 - -

49 96 88

4 43 43

42 82 81

21 60 60

50 98 89

18 57 57

230 38 38

230 117 98

35 74 74

0 - -

Route 15
Location Option Customer

0 - -

10 49 49

60 118 99

173 358 186

40 79 79

210 14 14

210 9 9

210 3 3

230 236 145

20 59 59

9 48 48

0 - -

Route 16
Location Option Customer

0 - -

229 213 137

229 185 128

229 111 95

229 366 188

38 77 77

224 149 114

224 327 175

238 2 2

238 28 28

238 183 127

0 - -

Route 17
Location Option Customer

0 - -

71 140 110

205 200 133

205 11 11

205 23 23

205 147 113

205 173 124

67 132 106

121 280 160

30 69 69

0 - -

Route 18
Location Option Customer

0 - -

34 73 73

45 88 84

72 142 111

22 61 61

216 121 100

216 6 6

216 221 140

209 36 36

209 246 148

0 - -

Route 19
Location Option Customer

0 - -

13 52 52

206 159 119

206 251 150

181 370 190

24 63 63

29 68 68

145 316 172

198 395 198

47 92 86

0 - -

Route 20
Location Option Customer

0 - -

233 32 32

233 230 143

233 165 121

235 37 37

235 285 161

235 27 27

235 240 146

218 333 177

218 24 24

0 - -

