Feasible
Restart 14, Repetition 13475 


Total cost: 1546.5258745803797

Number of Routes: 21
Priority 1: 0.8

Priority 2: 0.93



Route 0
Location Option Customer

0 - -

166 347 182

138 305 168

214 31 31

214 176 125

210 151 115

234 33 33

6 45 45

223 155 117

2 41 41

0 - -

Route 1
Location Option Customer

0 - -

163 343 181

14 53 53

38 77 77

199 397 199

231 129 104

209 32 32

209 16 16

209 115 97

236 231 143

180 368 189

0 - -

Route 2
Location Option Customer

0 - -

233 276 158

19 58 58

140 308 169

25 64 64

22 61 61

154 329 176

8 47 47

7 46 46

206 243 147

121 280 160

0 - -

Route 3
Location Option Customer

0 - -

9 48 48

219 35 35

41 80 80

208 36 36

208 191 130

175 361 187

151 325 175

100 217 139

183 373 191

18 57 57

0 - -

Route 4
Location Option Customer

0 - -

177 364 188

23 62 62

204 97 88

204 0 0

204 186 128

212 221 140

212 1 1

212 11 11

212 263 154

0 - -

Route 5
Location Option Customer

0 - -

50 98 89

216 93 86

216 159 119

216 15 15

216 18 18

218 147 113

218 6 6

218 336 178

218 9 9

71 140 110

0 - -

Route 6
Location Option Customer

0 - -

84 169 123

17 56 56

238 207 135

238 312 170

238 246 148

27 66 66

52 102 91

194 389 196

155 331 177

97 208 136

0 - -

Route 7
Location Option Customer

0 - -

24 63 63

188 380 193

229 119 99

229 318 172

229 24 24

221 164 121

221 183 127

221 131 105

201 21 21

0 - -

Route 8
Location Option Customer

0 - -

227 261 153

227 153 116

171 355 185

230 28 28

230 19 19

230 2 2

213 225 141

213 85 82

213 267 155

55 108 94

0 - -

Route 9
Location Option Customer

0 - -

211 174 124

211 197 132

201 351 183

201 38 38

201 22 22

201 248 149

211 39 39

64 126 103

159 337 179

36 75 75

0 - -

Route 10
Location Option Customer

0 - -

32 71 71

203 111 95

203 270 156

15 54 54

37 76 76

46 90 85

5 44 44

12 51 51

34 73 73

133 298 166

54 106 93

0 - -

Route 11
Location Option Customer

0 - -

107 238 146

239 14 14

239 13 13

239 233 144

226 5 5

226 8 8

226 105 92

226 342 180

228 12 12

207 227 142

0 - -

Route 12
Location Option Customer

0 - -

144 314 171

75 148 114

220 4 4

10 49 49

28 67 67

225 27 27

225 95 87

225 26 26

217 145 112

217 252 150

0 - -

Route 13
Location Option Customer

0 - -

123 283 161

235 10 10

235 324 174

235 212 137

235 25 25

205 7 7

205 37 37

205 3 3

4 43 43

0 - -

Route 14
Location Option Customer

0 - -

69 136 108

205 30 30

68 134 107

224 87 83

224 157 118

224 273 157

95 202 134

222 255 151

222 294 164

222 189 129

0 - -

Route 15
Location Option Customer

0 - -

72 142 111

186 377 192

210 195 131

210 291 163

198 395 198

210 117 98

210 17 17

214 23 23

214 113 96

11 50 50

0 - -

Route 16
Location Option Customer

0 - -

63 124 102

81 160 120

1 40 40

0 - -

Route 17
Location Option Customer

0 - -

20 59 59

61 120 100

215 139 109

215 29 29

240 20 20

240 258 152

240 372 190

240 387 195

236 89 84

62 122 101

0 - -

Route 18
Location Option Customer

0 - -

42 82 81

33 72 72

16 55 55

237 167 122

237 393 197

237 237 145

237 179 126

39 78 78

30 69 69

94 199 133

0 - -

Route 19
Location Option Customer

0 - -

173 358 186

148 320 173

190 383 194

202 297 165

232 34 34

232 279 159

35 74 74

3 42 42

126 287 162

135 301 167

0 - -

Route 20
Location Option Customer

0 - -

51 100 90

170 353 184

31 70 70

40 79 79

13 52 52

67 132 106

26 65 65

29 68 68

99 214 138

21 60 60

0 - -

