Feasible
Restart 0, Repetition 13068 


Total cost: 1334.7511453282611

Number of Routes: 20
Priority 1: 0.8

Priority 2: 0.94



Route 0
Location Option Customer

0 - -

219 155 117

219 255 151

219 17 17

219 393 197

29 68 68

53 104 92

205 34 34

205 183 127

205 251 150

205 294 164

0 - -

Route 1
Location Option Customer

0 - -

230 18 18

230 121 100

39 78 78

208 33 33

70 138 109

212 31 31

212 37 37

26 65 65

118 271 157

206 11 11

0 - -

Route 2
Location Option Customer

0 - -

202 3 3

202 89 84

202 384 194

30 69 69

59 116 98

218 267 155

218 16 16

218 25 25

218 192 130

0 - -

Route 3
Location Option Customer

0 - -

114 259 153

40 79 79

216 113 96

216 123 101

216 9 9

230 203 134

230 275 158

230 236 145

183 373 191

234 19 19

234 291 163

0 - -

Route 4
Location Option Customer

0 - -

193 388 196

226 228 142

226 212 137

226 306 168

6 45 45

200 398 199

176 362 187

174 359 186

82 163 121

167 349 183

0 - -

Route 5
Location Option Customer

0 - -

15 54 54

21 60 60

135 301 167

207 30 30

207 12 12

207 29 29

36 75 75

236 137 108

217 170 123

217 318 172

0 - -

Route 6
Location Option Customer

0 - -

77 152 116

17 56 56

32 71 71

37 76 76

10 49 49

223 0 0

223 14 14

227 207 135

227 38 38

16 55 55

235 324 174

0 - -

Route 7
Location Option Customer

0 - -

213 35 35

213 20 20

213 131 105

213 333 177

228 279 159

228 176 125

228 173 124

228 13 13

9 48 48

0 - -

Route 8
Location Option Customer

0 - -

28 67 67

123 283 161

4 43 43

18 57 57

12 51 51

38 77 77

191 385 195

236 135 107

93 196 132

87 178 126

0 - -

Route 9
Location Option Customer

0 - -

27 66 66

25 64 64

90 187 129

235 215 138

235 234 144

235 22 22

225 107 93

225 133 106

64 126 103

232 85 82

2 41 41

0 - -

Route 10
Location Option Customer

0 - -

185 376 192

122 281 160

7 46 46

33 72 72

221 357 185

221 7 7

221 145 112

221 6 6

1 40 40

0 - -

Route 11
Location Option Customer

0 - -

214 242 147

147 319 173

13 52 52

11 50 50

232 162 120

229 101 90

229 1 1

229 141 110

79 156 118

237 8 8

0 - -

Route 12
Location Option Customer

0 - -

209 91 85

209 369 189

209 5 5

209 32 32

209 93 86

233 218 139

177 364 188

233 39 39

233 221 140

233 342 180

89 184 128

0 - -

Route 13
Location Option Customer

0 - -

197 394 198

20 59 59

48 94 87

187 379 193

31 70 70

55 108 94

23 62 62

220 246 148

220 159 119

232 149 114

92 193 131

0 - -

Route 14
Location Option Customer

0 - -

240 264 154

240 24 24

240 87 83

3 42 42

211 270 156

211 147 113

211 2 2

237 119 99

237 27 27

0 - -

Route 15
Location Option Customer

0 - -

237 231 143

237 115 97

24 63 63

239 10 10

239 129 104

239 103 91

14 53 53

163 343 181

140 308 169

132 296 165

0 - -

Route 16
Location Option Customer

0 - -

222 210 136

50 98 89

204 36 36

204 4 4

204 372 190

204 258 152

204 151 115

94 199 133

169 352 184

152 326 175

0 - -

Route 17
Location Option Customer

0 - -

110 247 149

8 47 47

125 286 162

83 166 122

63 124 102

34 73 73

35 74 74

42 82 81

141 310 170

133 298 166

0 - -

Route 18
Location Option Customer

0 - -

238 240 146

238 225 141

238 97 88

238 339 179

72 142 111

22 61 61

5 44 44

205 315 171

153 328 176

0 - -

Route 19
Location Option Customer

0 - -

19 58 58

201 348 182

215 23 23

215 28 28

215 26 26

215 15 15

231 21 21

231 81 80

157 334 178

218 111 95

0 - -

