Feasible
Restart 7, Repetition 13452 


Total cost: 1234.0929465936692

Number of Routes: 21
Priority 1: 0.8

Priority 2: 0.96



Route 0
Location Option Customer

0 - -

13 52 52

218 255 151

218 218 139

218 209 136

15 54 54

235 21 21

235 348 182

226 363 187

226 336 178

219 272 157

0 - -

Route 1
Location Option Customer

0 - -

2 41 41

29 68 68

52 102 91

40 79 79

7 46 46

163 343 181

27 66 66

36 75 75

46 90 85

4 43 43

0 - -

Route 2
Location Option Customer

0 - -

38 77 77

224 2 2

17 56 56

88 181 127

201 8 8

201 191 130

201 213 137

167 349 183

215 38 38

215 300 166

0 - -

Route 3
Location Option Customer

0 - -

205 294 164

123 283 161

50 98 89

6 45 45

207 107 93

207 176 125

207 342 180

207 378 192

224 387 195

0 - -

Route 4
Location Option Customer

0 - -

39 78 78

33 72 72

228 36 36

66 130 105

220 105 92

105 232 144

220 267 155

220 171 123

30 69 69

0 - -

Route 5
Location Option Customer

0 - -

5 44 44

62 122 101

99 214 138

24 63 63

181 370 190

117 268 156

28 67 67

147 319 173

236 101 90

236 37 37

0 - -

Route 6
Location Option Customer

0 - -

188 380 193

178 365 188

121 280 160

48 94 87

232 203 134

232 245 148

232 185 128

232 6 6

61 120 100

87 178 126

0 - -

Route 7
Location Option Customer

0 - -

169 352 184

214 35 35

214 1 1

214 195 131

214 141 110

214 16 16

231 93 86

59 116 98

231 396 198

179 367 189

0 - -

Route 8
Location Option Customer

0 - -

9 48 48

35 74 74

79 156 118

227 20 20

227 129 104

227 7 7

42 82 81

223 19 19

78 154 117

237 201 133

0 - -

Route 9
Location Option Customer

0 - -

196 392 197

55 108 94

26 65 65

102 223 141

67 132 106

113 256 152

93 196 132

139 307 169

0 - -

Route 10
Location Option Customer

0 - -

209 291 163

209 15 15

209 384 194

209 173 124

209 168 122

184 374 191

219 23 23

219 242 147

219 240 146

219 13 13

0 - -

Route 11
Location Option Customer

0 - -

104 229 143

70 138 109

238 25 25

238 324 174

238 24 24

238 32 32

238 125 102

208 39 39

208 31 31

0 - -

Route 12
Location Option Customer

0 - -

45 88 84

110 247 149

68 134 107

22 61 61

202 87 83

202 263 154

202 149 114

202 27 27

16 55 55

0 - -

Route 13
Location Option Customer

0 - -

208 315 171

208 18 18

208 279 159

204 22 22

20 59 59

204 261 153

204 162 120

225 222 140

225 119 99

0 - -

Route 14
Location Option Customer

0 - -

210 0 0

210 303 167

210 333 177

213 275 158

213 165 121

31 70 70

203 5 5

203 9 9

203 26 26

106 235 145

103 226 142

0 - -

Route 15
Location Option Customer

0 - -

90 187 129

34 73 73

229 17 17

138 305 168

57 112 96

18 57 57

206 81 80

206 127 103

206 399 199

1 40 40

0 - -

Route 16
Location Option Customer

0 - -

80 158 119

223 3 3

8 47 47

32 71 71

230 28 28

230 97 88

230 14 14

11 50 50

230 29 29

233 312 170

0 - -

Route 17
Location Option Customer

0 - -

73 144 112

3 42 42

58 114 97

19 58 58

12 51 51

239 318 172

239 30 30

239 357 185

0 - -

Route 18
Location Option Customer

0 - -

234 330 176

234 11 11

234 12 12

43 84 82

10 49 49

23 62 62

222 390 196

21 60 60

216 34 34

0 - -

Route 19
Location Option Customer

0 - -

211 207 135

211 111 95

240 147 113

240 137 108

126 287 162

76 150 115

72 142 111

14 53 53

132 296 165

37 76 76

0 - -

Route 20
Location Option Customer

0 - -

205 339 179

205 10 10

205 252 150

217 33 33

217 327 175

217 153 116

217 360 186

217 4 4

25 64 64

0 - -

