Feasible
Restart 11, Repetition 9425 


Total cost: 1096.4190165802547

Number of Routes: 21
Priority 1: 0.8

Priority 2: 0.935



Route 0
Location Option Customer

0 - -

146 317 172

35 74 74

2 41 41

21 60 60

203 0 0

203 2 2

203 387 195

237 36 36

10 49 49

0 - -

Route 1
Location Option Customer

0 - -

232 16 16

232 186 128

33 72 72

240 105 92

240 168 122

170 353 184

177 364 188

29 68 68

77 152 116

0 - -

Route 2
Location Option Customer

0 - -

27 66 66

20 59 59

120 277 159

13 52 52

74 146 113

210 97 88

210 215 138

210 24 24

210 369 189

152 326 175

65 128 104

0 - -

Route 3
Location Option Customer

0 - -

24 63 63

223 242 147

223 26 26

223 224 141

206 12 12

206 137 108

206 324 174

25 64 64

19 58 58

32 71 71

0 - -

Route 4
Location Option Customer

0 - -

201 89 84

201 30 30

201 266 155

225 113 96

225 399 199

225 291 163

225 345 181

225 151 115

118 271 157

219 143 111

0 - -

Route 5
Location Option Customer

0 - -

40 79 79

16 55 55

161 340 180

3 42 42

7 46 46

26 65 65

36 75 75

12 51 51

195 391 197

0 - -

Route 6
Location Option Customer

0 - -

204 145 112

204 103 91

204 5 5

204 270 156

204 9 9

0 - -

Route 7
Location Option Customer

0 - -

4 43 43

121 280 160

123 283 161

63 124 102

101 220 140

233 263 154

233 149 114

233 119 99

233 133 106

0 - -

Route 8
Location Option Customer

0 - -

84 169 123

31 70 70

215 240 146

215 37 37

215 180 126

215 4 4

215 6 6

213 200 133

213 161 120

213 203 134

0 - -

Route 9
Location Option Customer

0 - -

133 298 166

41 80 80

214 276 158

214 121 100

214 32 32

214 191 130

212 372 190

212 27 27

212 251 150

212 182 127

0 - -

Route 10
Location Option Customer

0 - -

219 35 35

231 330 176

234 29 29

234 117 98

222 303 167

222 381 193

222 87 83

64 126 103

42 82 81

28 67 67

0 - -

Route 11
Location Option Customer

0 - -

155 331 177

166 347 182

220 396 198

220 288 162

220 135 107

220 22 22

11 50 50

78 154 117

113 256 152

0 - -

Route 12
Location Option Customer

0 - -

232 18 18

232 34 34

230 245 148

230 21 21

230 294 164

230 1 1

230 25 25

190 383 194

90 187 129

140 308 169

0 - -

Route 13
Location Option Customer

0 - -

143 313 171

85 172 124

171 355 185

112 253 151

226 14 14

226 390 196

70 138 109

211 360 186

211 109 94

211 297 165

0 - -

Route 14
Location Option Customer

0 - -

218 23 23

1 40 40

14 53 53

185 376 192

22 61 61

38 77 77

9 48 48

43 84 82

229 260 153

229 3 3

229 31 31

23 62 62

0 - -

Route 15
Location Option Customer

0 - -

213 363 187

227 115 97

227 165 121

62 122 101

157 334 178

137 304 168

147 319 173

202 15 15

202 157 118

202 33 33

0 - -

Route 16
Location Option Customer

0 - -

51 100 90

235 159 119

235 17 17

235 10 10

207 177 125

207 237 145

207 198 132

228 11 11

228 8 8

0 - -

Route 17
Location Option Customer

0 - -

217 248 149

217 99 89

217 234 144

217 339 179

217 209 136

239 39 39

239 131 105

239 375 191

17 56 56

0 - -

Route 18
Location Option Customer

0 - -

8 47 47

71 140 110

39 78 78

46 90 85

224 212 137

224 93 86

224 95 87

141 310 170

92 193 131

0 - -

Route 19
Location Option Customer

0 - -

236 28 28

236 19 19

238 38 38

238 231 143

221 351 183

30 69 69

15 54 54

18 57 57

37 76 76

34 73 73

0 - -

Route 20
Location Option Customer

0 - -

6 45 45

205 206 135

205 7 7

205 13 13

209 20 20

209 111 95

209 218 139

209 107 93

5 44 44

213 228 142

0 - -

